tot: 29991.0
correct: 17109.0
nopred: 12169.0
nopred/tot: 0.405755059851
RESULT: 0.570471141342
