RESULT: 0.5849703773
nopred: 0.411866898303
