tot: 32046.0
correct: 17692.0
nopred: 11347.0
nopred/tot: 0.354084753167
RESULT: 0.552081383012
