tot: 29793.0
correct: 16406.0
nopred: 12579.0
nopred/tot: 0.422213271574
RESULT: 0.550666263887
