RESULT: 0.580427175094
nopred: 0.414182856683
