tot: 32477.0
correct: 17403.0
nopred: 11893.0
nopred/tot: 0.366197616775
RESULT: 0.535856144348
