found pickles
ate pickles
tot: 29355.0
correct: 16166.0
nopred: 12395.0
nopred/tot: 0.42224493272
RESULT: 0.550706864248
