tot: 35501.0
correct: 16960.0
nopred: 6461.0
nopred/tot: 0.181994873384
RESULT: 0.477733021605
