RESULT: 0.584680734448
nopred: 0.412213391797
