found pickles
ate pickles
tot: 35247.0
correct: 15676.0
nopred: 6823.0
nopred/tot: 0.193576758306
RESULT: 0.444747070673
