RESULT: 0.57336621455
nopred: 0.41639577028
