RESULT: 0.556478283237
nopred: 0.432571470567
