tot: 35247.0
correct: 16474.0
nopred: 6823.0
nopred/tot: 0.193576758306
RESULT: 0.467387295373
