found pickles
ate pickles
tot: 29991.0
correct: 16609.0
nopred: 12612.0
nopred/tot: 0.420526157847
RESULT: 0.553799473175
