RESULT: 0.562222042533
nopred: 0.432239023207
