tot: 29355.0
correct: 16655.0
nopred: 11965.0
nopred/tot: 0.407596661557
RESULT: 0.567365014478
