found pickles
ate pickles
tot: 35501.0
correct: 16102.0
nopred: 6461.0
nopred/tot: 0.181994873384
RESULT: 0.453564688319
