RESULT: 0.575826182217
nopred: 0.415263830564
