tot: 34840.0
correct: 16420.0
nopred: 6634.0
nopred/tot: 0.190413318025
RESULT: 0.471297359357
