RESULT: 0.567325758254
nopred: 0.429453341684
