found pickles
ate pickles
tot: 34840.0
correct: 15698.0
nopred: 6635.0
nopred/tot: 0.190442020666
RESULT: 0.450574052813
