tot: 32701.0
correct: 18149.0
nopred: 11435.0
nopred/tot: 0.349683495918
RESULT: 0.554998318094
