found pickles
ate pickles
tot: 29793.0
correct: 15908.0
nopred: 13051.0
nopred/tot: 0.438055919176
RESULT: 0.53395092807
