RESULT: 0.579485066941
nopred: 0.415777548919
