found pickles
ate pickles
tot: 60742.0
correct: 30697.0
nopred: 27522.0
nopred/tot: 0.453096704093
RESULT: 0.505366961904
