RESULT: 0.523408071749
nopred: 0.473609865471
