RESULT: 0.522179644082
nopred: 0.471420259615
