tot: 66688.0
correct: 33737.0
nopred: 23918.0
nopred/tot: 0.358655230326
RESULT: 0.505893114203
