tot: 60829.0
correct: 31412.0
nopred: 26907.0
nopred/tot: 0.442338358349
RESULT: 0.516398428381
