RESULT: 0.529381893522
nopred: 0.464971257947
