found pickles
ate pickles
tot: 66688.0
correct: 33055.0
nopred: 23990.0
nopred/tot: 0.359734884837
RESULT: 0.495666386756
