tot: 72766.0
correct: 31402.0
nopred: 12263.0
nopred/tot: 0.168526509634
RESULT: 0.431547700849
