RESULT: 0.522088837948
nopred: 0.472864008365
