tot: 60249.0
correct: 31501.0
nopred: 26302.0
nopred/tot: 0.436554963568
RESULT: 0.52284685223
