tot: 72193.0
correct: 31916.0
nopred: 11711.0
nopred/tot: 0.162217943568
RESULT: 0.442092723671
