found pickles
ate pickles
tot: 60249.0
correct: 30856.0
nopred: 26797.0
nopred/tot: 0.444770867566
RESULT: 0.512141280353
