found pickles
ate pickles
tot: 66121.0
correct: 33283.0
nopred: 23279.0
nopred/tot: 0.352066665658
RESULT: 0.503365042876
