RESULT: 0.520061672411
nopred: 0.467295483403
