tot: 66591.0
correct: 33846.0
nopred: 23965.0
nopred/tot: 0.359883467736
RESULT: 0.508266882912
