RESULT: 0.519810944913
nopred: 0.465412335663
