RESULT: 0.52408749329
nopred: 0.472378779746
