found pickles
ate pickles
tot: 72670.0
correct: 30041.0
nopred: 12303.0
nopred/tot: 0.169299573414
RESULT: 0.413389294069
