found pickles
ate pickles
tot: 72193.0
correct: 30277.0
nopred: 11711.0
nopred/tot: 0.162217943568
RESULT: 0.419389691521
