tot: 72670.0
correct: 31695.0
nopred: 12301.0
nopred/tot: 0.169272051741
RESULT: 0.436149717903
