tot: 66121.0
correct: 33923.0
nopred: 23216.0
nopred/tot: 0.351113867001
RESULT: 0.513044267328
