found pickles
ate pickles
tot: 60829.0
correct: 30749.0
nopred: 27426.0
nopred/tot: 0.450870472965
RESULT: 0.505499021848
