found pickles
ate pickles
tot: 72766.0
correct: 29708.0
nopred: 12264.0
nopred/tot: 0.168540252316
RESULT: 0.408267597504
