tot: 60742.0
correct: 31410.0
nopred: 26985.0
nopred/tot: 0.444256033716
RESULT: 0.517105133186
