RESULT: 0.531824161865
nopred: 0.46488681214
