found pickles
ate pickles
tot: 66591.0
correct: 33244.0
nopred: 24025.0
nopred/tot: 0.360784490397
RESULT: 0.499226622216
