RESULT: 0.527042366985
nopred: 0.459537148925
