Input: I want to go home
======== RESULTS ========
Next word must be a:
ADV : 0.102890978753
NOUN : 0.0801811215604
ADP : 0.0925809822362
PRT : 0.0333681644026
DET : 0.0461859979101
. : 0.0242424242424
PRON : 0.0563566701498
VERB : 0.334378265413
X : 0.00160222918844
NUM : 0.0120515499826
CONJ : 0.0177638453501
ADJ : 0.198397770812
======== PREDICTIONS ========
** C - Grade **
- is : 0.0222918843608
- today : 0.0106908162081
** E - Grade **
- today : 0.133333333333
- and : 0.133333333333


Input: there is no
======== RESULTS ========
Next word must be a:
ADV : 0.0298699777439
NOUN : 0.622642614502
ADP : 0.0252430596228
PRT : 0.00298699777439
DET : 0.0164577720511
. : 0.00491976104018
PRON : 0.0132950685252
VERB : 0.028932880403
X : 0.000527117254305
NUM : 0.0106009136699
CONJ : 0.00187419468197
ADJ : 0.242649642732
======== PREDICTIONS ========
** C - Grade **
- money : 0.111756366705
- novice : 0.0399129881091
** E - Grade **
- money : 0.179487179487
- possible : 0.102564102564


Input: do you know how
======== RESULTS ========
Next word must be a:
ADV : 0.102890978753
NOUN : 0.0801811215604
ADP : 0.0925809822362
PRT : 0.0333681644026
DET : 0.0461859979101
. : 0.0242424242424
PRON : 0.0563566701498
VERB : 0.334378265413
X : 0.00160222918844
NUM : 0.0120515499826
CONJ : 0.0177638453501
ADJ : 0.198397770812
======== PREDICTIONS ========
** C - Grade **
- to : 0.0127987479901
- happy : 0.0126312725746
** E - Grade **
- to : 0.383561643836
- happy : 0.157534246575


Input: whenever I want to            
======== RESULTS ========
Next word must be a:
ADV : 0.0442998484713
NOUN : 0.0730011587486
ADP : 0.144665299938
PRT : 0.0149745966664
DET : 0.0834298957126
. : 0.0137267136108
PRON : 0.0533915678759
VERB : 0.527676263482
X : 0.000623941527765
NUM : 0.00784383634905
CONJ : 0.0108744094839
ADJ : 0.0254924681344
======== PREDICTIONS ========
** C - Grade **
- be : 0.0984602636887
- do : 0.0100229010941
** E - Grade **
- be : 0.186592178771
- educate : 0.101675977654
